401
403
409
411
422
425
427
501
502
503
504
506
508
509
510
511
512
516
518
520
522
525
526
527
528
601
602
603
604
606
608
609
610
611
612
616
618
620
622
625
626
627
628
701
702
703
704
706
708
709
710
711
712
716
718
720
722
725
726
727
728
801
802
803
804
806
808
809
810
811
812
816
818
820
822
825
826
827
828
901
902
903
904
906
908
909
910
911
912
916
918
920
922
925
926
927
928
1001
1002
1003
1004
1006
1008
1009
1010
1011
1012
1016
1018
1020
1022
1025
1026
1027
1028
1101
1102
1103
1104
1106
1108
1109
1110
1111
1112
1116
1118
1120
1122
1125
1126
1127
1128
1201
1202
1203
1204
1206
1208
1209
1210
1211
1212
1216
1218
1220
1222
1225
1226
1227
1228
1301
1302
1303
1304
1306
1308
1309
1310
1311
1312
1316
1318
1320
1322
1325
1326
1327
1328
1401
1402
1403
1404
1406
1408
1409
1410
1411
1412
1416
1418
1420
1422
1425
1426
1427
1428
1501
1502
1503
1504
1506
1508
1509
1510
1511
1512
1516
1518
1520
1522
1525
1526
1527
1528
1601
1602
1603
1604
1606
1608
1609
1610
1611
1612
1616
1618
1620
1622
1625
1626
1627
1628
1701
1702
1703
1704
1706
1708
1709
1710
1711
1712
1716
1718
1720
1722
1725
1726
1727
1728
1801
1802
1803
1804
1806
1808
1809
1810
1811
1812
1816
1818
1820
1822
1825
1826
1827
1828
1901
1902
1903
1904
1906
1908
1909
1910
1911
1912
1916
1918
1920
1922
1925
1926
1927
1928
2001
2002
2003
2004
2006
2008
2009
2010
2011
2012
2016
2018
2020
2022
2025
2026
2027
2028
